Generating 100 random vectors of dimensionality 10
[ 0.66664359 -0.13772645 -0.3038318   0.24978133  0.02181368  0.12146802
  0.2976665  -0.41221678 -0.04022803 -0.0925372 ]
[-0.32034777  0.5248058   0.02821439  0.07605889  0.13950973 -0.15716565
 -0.12187373  0.02359033  0.41541193 -0.11139246]
[ 0.03164831 -0.61763486  0.42423342 -0.18549049  0.13075248  0.13774132
  0.31539835 -0.42788846 -0.13850592  0.24624526]
[-0.11641781  0.3506853   0.25594144  0.092187   -0.31350283  0.24650452
 -0.17554911  0.21434686 -0.43810101  0.22214557]
[-0.25557438  0.12012809  0.07476757 -0.15599573 -0.19202565 -0.39826479
  0.02054031 -0.296281    0.33928799 -0.04929708]
[ 0.25676081 -0.07445132  0.01224652  0.39727656 -0.01847171  0.01720223
  0.41635787 -0.26862872 -0.51461278 -0.48636711]
[ 0.14509299  0.3942957   0.0539006   0.07663769  0.23984928  0.19411559
  0.5665859   0.30091568 -0.46559211 -0.226222  ]
[ 0.45558609  0.24330962 -0.32764649  0.35681119  0.09289944 -0.02704582
 -0.20599359  0.23096854 -0.48481378 -0.2361513 ]
[ 0.0082428   0.30796517 -0.26787981 -0.39625629  0.59186436  0.11467927
  0.36459713 -0.26459062 -0.14850868  0.25902551]
[-0.27333939  0.56360209  0.11134963  0.2637687   0.09326659 -0.1381554
 -0.14556135 -0.25600203 -0.26535357  0.08628466]
[ 0.44877158 -0.22346557 -0.00465553  0.30102295  0.28540374  0.04531274
 -0.34871599  0.17305168 -0.32642363 -0.51721727]
[-0.27948694 -0.10577969  0.25390804  0.08360396  0.05316611  0.13189311
 -0.12598287 -0.08338457 -0.26094468 -0.85063049]
[ 0.15089273  0.40086432  0.42431441  0.39605496 -0.01122814  0.358454
  0.21263614  0.19221843 -0.22814609 -0.07321316]
[-0.37101577 -0.14507448 -0.47473131 -0.02273423 -0.37492832 -0.02500933
  0.07397449  0.10200174  0.327334    0.19844516]
[ 0.46598049 -0.17802726  0.08207062  0.13190127  0.09470456 -0.0712121
  0.43836966 -0.09481589  0.59324987  0.22585039]
[-0.13721754 -0.50111998  0.39661964  0.02810805 -0.56105294 -0.19300138
 -0.11106288 -0.23287568 -0.19941043  0.19623167]
[-0.58002688 -0.01237228 -0.45304324 -0.49164609  0.09035376 -0.10506614
 -0.00590545 -0.11732536  0.14816636  0.07188503]
[-0.25418778 -0.33215308 -0.14737682  0.62599387  0.27017639  0.09425597
 -0.05381754  0.2540956  -0.31692852 -0.00445449]
[ 0.12439131 -0.31379633  0.43545567  0.00209561 -0.41224379  0.49082133
  0.39107086 -0.07063603 -0.03008626  0.04899223]
[ 0.4863453   0.05671254  0.27381617  0.03010224 -0.02353941 -0.01227741
  0.71648656 -0.0772755   0.22570119  0.12314497]
[ 0.61613726  0.02185045 -0.51114894  0.04690218  0.26161203 -0.0478429
  0.11721111  0.15667155 -0.49512908 -0.03250636]
[-0.23569022 -0.502981   -0.27773477 -0.20898201  0.2103244  -0.37949715
  0.13993173  0.09901254 -0.08751652 -0.4025538 ]
[-0.07766267 -0.26528904  0.0018296  -0.2843181   0.58622264 -0.26000242
 -0.02874546 -0.17520011 -0.22159129 -0.456064  ]
[ 0.12646615 -0.35065722 -0.29444088  0.08023179  0.16935645  0.25439603
 -0.30300891  0.25073931 -0.44368621  0.28597372]
[ 0.22116458 -0.00341241  0.44796251  0.0399969   0.02049052  0.04450656
 -0.09007328  0.05741979 -0.7114692  -0.14287481]
[ 0.35272035  0.18963712 -0.1181583  -0.11971893 -0.24184947  0.18832995
 -0.3557566   0.53840892  0.12153584  0.12619793]
[-0.54236175  0.11768395 -0.04997851 -0.09729768 -0.26338179 -0.15997404
  0.61077763 -0.03937789  0.05935986 -0.43162288]
[-0.5410623   0.10999217 -0.22211567  0.05119225  0.17265471 -0.45633334
  0.24699311 -0.217221    0.10664578  0.14980017]
[-0.21996702  0.12026713  0.20914412  0.0236507  -0.4712034   0.32715435
  0.41162016  0.11194931 -0.00052518 -0.19068387]
[ 0.20768285  0.26479897  0.10990146  0.43652709 -0.64451629  0.03522753
 -0.0904556   0.38222141 -0.12313681  0.16832405]
[-0.34588937  0.26250913  0.0834706   0.25858597 -0.30500222 -0.33150492
 -0.11034157 -0.02398168  0.33140627 -0.04742029]
[-0.03935811  0.12270294 -0.52250185  0.12713008  0.3778575  -0.14361524
  0.10944947 -0.07866664  0.04715678  0.36962028]
[ 0.28382792  0.55543978 -0.15398461  0.25108318  0.0659026  -0.41320432
  0.27496382  0.29262237 -0.38298308  0.14238583]
[-0.30237956 -0.45800584  0.09578853 -0.22248854 -0.657345   -0.057716
  0.08880957  0.07726585 -0.06089064  0.34688107]
[ 0.06009619  0.11227254 -0.3440699  -0.0940573   0.0907231   0.30955876
 -0.08540437 -0.07039556  0.82552498 -0.18594729]
[-0.09744662  0.21510915 -0.53673971  0.11893173  0.21842391  0.2037612
 -0.06265029 -0.24683514  0.04375051  0.16052885]
[-0.6738007  -0.18886005  0.21386579  0.06011679  0.17028781 -0.20855745
 -0.10285052  0.12253302  0.15332285 -0.33699024]
[ 0.11154679 -0.15233367 -0.25714837  0.1474781   0.14070901  0.17860104
  0.39170143 -0.26069603  0.40625258 -0.50954107]
[ 0.31035875  0.04595442 -0.28750035  0.18029575 -0.31572918  0.35418689
 -0.07818495 -0.36044412  0.49257972 -0.24213158]
[ 0.0738918  -0.08747037 -0.39752003 -0.02594594  0.18335079 -0.67090025
 -0.18325141 -0.01714657  0.50374196 -0.01043111]
[ 0.40354128  0.12712694  0.5040316   0.20131424 -0.06527913 -0.12099533
 -0.03653418 -0.52879207 -0.25183213 -0.23150767]
[-0.42411604 -0.32941758 -0.04161091 -0.48783529 -0.16226935 -0.17188967
 -0.22985867 -0.06115816  0.34247619 -0.38956257]
[ 0.04691933 -0.29090548 -0.35707085  0.21239214 -0.29089105  0.02527455
  0.05791688 -0.45813503 -0.13702794 -0.4128561 ]
[-0.08809263  0.54451959 -0.0173457   0.05050314 -0.49769861 -0.15748286
 -0.08814072 -0.02928885 -0.06170526 -0.04052113]
[-0.66906888  0.15908537 -0.08586386 -0.01734046  0.32918807 -0.0974814
 -0.15233496  0.28176029  0.46183757 -0.24541011]
[-0.18700654 -0.2962063   0.05039677  0.38830511 -0.03961933  0.05328691
 -0.27875047 -0.6068362  -0.00371107  0.48729341]
[ 0.53201024 -0.17911199 -0.34762358  0.12827195  0.58678977 -0.05761494
  0.24416048 -0.25975251 -0.10449672  0.0427032 ]
[ 0.1899739  -0.10734714 -0.03018485  0.33264206 -0.35688328 -0.31430668
  0.36604543 -0.18690234  0.06746264  0.46022324]
[-0.36506199 -0.3639602   0.67617924 -0.01025448  0.17699927  0.1449137
  0.35718724  0.00260255 -0.07199025  0.05251911]
[ -1.81203462e-01   3.46585423e-01  -2.22951262e-01   1.33615156e-01
  -8.08671020e-01  -5.80419694e-02   1.30725075e-01  -1.68565299e-01
  -1.15711704e-01  -5.47317963e-04]
[ 0.13709818  0.01712986 -0.55786496 -0.12648018  0.61813876  0.0824577
 -0.07350667 -0.1261222  -0.12485651 -0.17210893]
[ 0.30243048 -0.41970371  0.20023395 -0.15606774  0.18921996 -0.60139086
  0.26277325 -0.25736353  0.14150258 -0.14815887]
[-0.08941341  0.02067215  0.08483527 -0.25759268 -0.37837362 -0.10409828
  0.29956803 -0.51975944  0.53220485 -0.10631002]
[-0.22725084 -0.34971268 -0.27072074  0.40967763  0.51002271  0.30600661
 -0.02174558 -0.09403632  0.18470936 -0.19285495]
[-0.09187132  0.03100493  0.35048594 -0.47361535 -0.27972651  0.12444881
 -0.07268787  0.46525726  0.27464408  0.47056502]
[-0.48100888  0.24128208 -0.22420669  0.38720685  0.17333197  0.47052693
  0.39227209  0.15766783 -0.09339435  0.03372593]
[-0.45694543 -0.20546719 -0.19562746 -0.36923242  0.11219236  0.12164224
 -0.05619212  0.48455967  0.21924513  0.16807094]
[-0.59558132  0.0361327   0.13554403 -0.15181817 -0.41967834 -0.41242791
 -0.26509718 -0.04694659  0.42492178  0.0549492 ]
[-0.50407547 -0.35398032 -0.14093967 -0.07777609  0.48726313  0.10730122
 -0.4058312  -0.11922307 -0.19302005  0.29293348]
[ 0.11456343 -0.09018099  0.25164695  0.29113364  0.1876509  -0.09397379
  0.17716114  0.57375749 -0.2489456  -0.54691556]
[ 0.15352147  0.09933989 -0.41815837  0.02465282 -0.26104032  0.20700289
 -0.20161384 -0.17531116  0.65861187  0.2729122 ]
[ 0.67014721  0.0011505  -0.10926196  0.35504598  0.18332154 -0.27483775
 -0.0128284   0.05977893  0.06007291  0.20687626]
[ 0.00428954 -0.54357702 -0.24199316 -0.32584112  0.42041644  0.32015372
 -0.40024768  0.07255062  0.05679013 -0.14330234]
[ 0.48005356  0.47881173  0.1061508  -0.38793496  0.36024227  0.00086652
 -0.02624223 -0.28866351 -0.32856473  0.10416726]
[-0.18827438 -0.48562699 -0.02870025  0.00704383 -0.20434289 -0.01723877
  0.47365056 -0.38039009 -0.27695697  0.20535594]
[ 0.27866067 -0.36975777  0.21286446 -0.21842697  0.19250419 -0.10571129
 -0.05860827  0.37269974 -0.38979422  0.02754459]
[ 0.11584393 -0.83920224  0.02881876  0.30136415 -0.12111155 -0.17914095
  0.05876246  0.14976461  0.08185464  0.26854945]
[-0.30702182 -0.61389121 -0.09411064 -0.29663396  0.22498483  0.37251037
 -0.00324521 -0.02041469  0.11540406  0.22549357]
[ 0.00233371  0.05210633 -0.58109119  0.40691414 -0.12685187  0.23292111
  0.32677724 -0.02326919 -0.04793546 -0.13710198]
[-0.40985668 -0.33843694  0.13807426 -0.2026283   0.18421736  0.3115778
 -0.38661265  0.2867428   0.04390755 -0.204148  ]
[ 0.20987016  0.02501339 -0.13420396  0.34562475  0.00714975  0.32154068
  0.20908567 -0.64151929 -0.22443337 -0.16725507]
[ 0.36523319  0.10943605 -0.13414447  0.31464384  0.06314779  0.19850212
 -0.42073271 -0.28507141 -0.09689962 -0.4053508 ]
[  5.08845627e-02  -2.64765218e-01  -2.44268400e-02   2.67021458e-01
   2.22957082e-01   4.76022652e-01  -7.88050148e-02  -2.96351744e-01
   4.50067735e-02  -1.04646761e-04]
[-0.21624594  0.02576956 -0.10348115 -0.54261921 -0.48444956  0.43092615
 -0.19010187  0.27820387  0.24075239 -0.16409769]
[ 0.16129728  0.19896607  0.396008    0.26273995  0.15571273  0.08767766
 -0.5938226  -0.29194132 -0.39016422  0.29289472]
[-0.05569651 -0.18192324 -0.17190076  0.30185743  0.01684778 -0.44534709
  0.14768534  0.1904404  -0.13106592  0.38476699]
[ -8.59011415e-02   8.05718348e-03   8.35242148e-02  -6.35786501e-02
  -2.21503062e-04  -6.35661177e-01  -1.52273712e-01   1.85478687e-01
  -3.45252713e-01  -2.85235209e-01]
[ 0.14461759 -0.31817162  0.17355021  0.05243033 -0.79881755 -0.11192683
 -0.20100568 -0.11841228 -0.13685417  0.2325875 ]
[-0.10255562 -0.03776613  0.46273714  0.33968874  0.00057394  0.23527093
 -0.28396461  0.29073415  0.53320409  0.28422513]
[-0.00413037 -0.02946399  0.21549179  0.19561031  0.03856471  0.04907315
  0.02315964  0.32321406  0.23577349 -0.22887573]
[-0.12934107 -0.02790655 -0.45795799  0.39090169  0.17753397 -0.22143836
  0.09455269 -0.22420872  0.569269    0.24206649]
[-0.35593557  0.47486859  0.16271351 -0.29222841  0.07808745 -0.23533347
 -0.17734977 -0.12752554  0.46330371  0.33844454]
[-0.13806809 -0.47679968 -0.29063324 -0.46764863 -0.03963756  0.33161456
 -0.16263956  0.50637289 -0.11247129  0.06293233]
[ 0.20090659  0.02581763  0.14503258  0.11894721 -0.11524688  0.52102313
  0.1146498  -0.16745573 -0.35656671  0.09340185]
[ 0.06266483  0.19338601 -0.63006314  0.15392627 -0.60635946 -0.06411044
  0.26740022  0.24340687 -0.03787909  0.06602322]
[ 0.24988648 -0.03525517 -0.02337493 -0.19205445 -0.12040097  0.59226527
  0.4427772  -0.3394398   0.45876235  0.04738612]
[-0.39100411 -0.1761099   0.23096039  0.12767568 -0.4787225   0.12210844
  0.2498595   0.16611555  0.03410395 -0.35453435]
[-0.32245714  0.0638913   0.30705054  0.2212689   0.20398238  0.38957268
  0.03217388  0.26325695  0.61609606  0.06838122]
[-0.31877005  0.1614402   0.09096742 -0.5498809  -0.1760913   0.37388188
  0.09366934  0.26329685 -0.42712929 -0.17433945]
[-0.21093488  0.170958    0.04243666  0.15539821 -0.55433657 -0.09682788
  0.4342107  -0.19809861  0.18363065 -0.04004089]
[-0.22999552  0.0843338   0.58625107 -0.11404949  0.128245    0.17091492
 -0.24044354 -0.21164047  0.16400753 -0.22271969]
[-0.43936001 -0.26188089 -0.04084172 -0.25344092  0.12423345 -0.28888887
 -0.07062698 -0.24782247 -0.13586964  0.1389615 ]
[-0.07895641  0.39497201 -0.20612849 -0.15128714  0.13600302 -0.41609324
  0.09119539 -0.26721098 -0.265303   -0.07781429]
[-0.19025311  0.66597141  0.20902437  0.09768373 -0.50191206 -0.16899876
 -0.17885591  0.21684669 -0.01690399  0.13907309]
[ 0.17878834 -0.41973867 -0.05377109 -0.48544883  0.22061438 -0.01338371
  0.09406461  0.33260743 -0.13491006  0.20424359]
[ 0.0150877   0.37226182  0.20946828  0.0705241   0.14566162 -0.47369379
 -0.16032034  0.39102473  0.06622924  0.27560552]
[ 0.12440286 -0.27473398 -0.13286521  0.03553264 -0.28764096 -0.10727118
 -0.52525636  0.34903912  0.25277617  0.43777669]
[-0.07149724  0.10258048 -0.65272693  0.31360978  0.0387208  -0.11735035
  0.54849167  0.21539645  0.13569998  0.16992922]
[ 0.43632321 -0.38539272  0.11157381 -0.21661429 -0.40414029  0.06057789
 -0.15092825 -0.05301894 -0.20118902 -0.46979748]
[ 0.13006709 -0.11330738 -0.2242277  -0.36852377 -0.35570075  0.56054952
  0.00560023  0.26903443 -0.04172523 -0.22420478]
Probability of acceptance:  0.0023383061310386756
